1 0.517000 0.711864 0.056000 0.081921
1 0.356500 0.790960 0.099000 0.064972
1 0.867000 0.495056 0.038000 0.120056
1 0.889000 0.185734 0.038000 0.108757
1 0.688000 0.201977 0.074000 0.056497
1 0.485500 0.191384 0.083000 0.086158
1 0.350500 0.259887 0.081000 0.067797
1 0.194000 0.290254 0.042000 0.060734
1 0.389000 0.633475 0.054000 0.066384
1 0.652500 0.603107 0.037000 0.093220
1 0.769000 0.661723 0.060000 0.046610
1 0.688000 0.799435 0.088000 0.062147
1 0.885000 0.783898 0.052000 0.081921
1 0.193500 0.673729 0.059000 0.062147
1 0.094000 0.468220 0.056000 0.074859
1 0.294000 0.447740 0.068000 0.076271
1 0.610500 0.391949 0.051000 0.052260
1 0.509500 0.528955 0.051000 0.080508
