10 0.499500 0.133475 0.149000 0.074859
10 0.683500 0.180085 0.127000 0.097458
10 0.564500 0.044492 0.073000 0.086158
10 0.693000 0.029661 0.106000 0.056497
10 0.921500 0.127119 0.081000 0.132768
10 0.978500 0.103107 0.043000 0.073446
10 0.805000 0.064972 0.068000 0.127119
10 0.764500 0.037429 0.039000 0.072034
0 0.452000 0.523305 0.042000 0.213277
0 0.290500 0.582627 0.059000 0.213277
0 0.341000 0.266243 0.086000 0.159605
0 0.396500 0.658898 0.147000 0.094633
0 0.287500 0.110876 0.069000 0.170904
5 0.592500 0.788136 0.115000 0.149718
